[{"id": 0, "img_name": "r_0", "width": 800, "height": 800, "position": [-1.05723762512207, 2.5740303993225093, 2.9166102409362784], "rotation": [[-0.9250140190124512, -0.2748899757862091, 0.2622683644294739], [-0.37993317842483526, 0.6692678928375244, -0.6385383605957031], [-0.0, -0.6903012990951539, -0.7235219478607177]], "fy": 1111.1110311937682, "fx": 1111.1110311937682}, {"id": 1, "img_name": "r_1", "width": 800, "height": 800, "position": [0.26043257117271423, -0.24541696906089777, 4.015214443206786], "rotation": [[0.6858149766921995, 0.7249027490615844, -0.06460536271333694], [0.7277759909629821, -0.6831074357032776, 0.06088045239448546], [3.725290299912565e-09, -0.08877081423997879, -0.9960520267486571]], "fy": 1111.1110311937682, "fx": 1111.1110311937682}, {"id": 2, "img_name": "r_2", "width": 800, "height": 800, "position": [-3.7684571743011483, -1.2999367713928223, 0.5990785360336304], "rotation": [[0.3260957896709441, -0.14048941433429715, 0.9348391294479372], [-0.9453368186950682, -0.04846210405230521, 0.32247462868690485], [-6.486749959973814e-18, -0.9888953566551207, -0.14861309528350827]], "fy": 1111.1110311937682, "fx": 1111.1110311937682}, {"id": 3, "img_name": "r_3", "width": 800, "height": 800, "position": [1.5814510583877563, 3.3921992778778076, 1.4973301887512207], "rotation": [[-0.9063443541526794, 0.15694898366928098, -0.3923097252845764], [0.4225398004055022, 0.33665424585342413, -0.8415010571479798], [-0.0, -0.9284562468528746, -0.37144190073013306]], "fy": 1111.1110311937682, "fx": 1111.1110311937682}, {"id": 4, "img_name": "r_4", "width": 800, "height": 800, "position": [0.9532441496849062, -1.6001232862472534, 3.5750427246093754], "rotation": [[0.8591064810752869, 0.4538917541503906, -0.23647075891494754], [0.5117969512939454, -0.7619063258171083, 0.39694169163703913], [-1.4901161198733653e-08, -0.46204015612602234, -0.886858880519867]], "fy": 1111.1110311937682, "fx": 1111.1110311937682}, {"id": 5, "img_name": "r_5", "width": 800, "height": 800, "position": [2.9964742660522465, -1.5636255741119383, 2.1968653202056885], "rotation": [[0.462623655796051, 0.4831503927707673, -0.7433337569236755], [0.8865548372268677, -0.2521184086799622, 0.3878877460956573], [-4.12633130834226e-17, -0.8384521007537843, -0.544975221157074]], "fy": 1111.1110311937682, "fx": 1111.1110311937682}, {"id": 6, "img_name": "r_6", "width": 800, "height": 800, "position": [3.878704309463501, 0.2504621148109436, 1.0690751075744627], "rotation": [[-0.06443945318460464, 0.26465365290641785, -0.9621880650520326], [0.9979217052459716, 0.017089653760194775, -0.06213200092315674], [3.338260770488323e-18, -0.9641920328140258, -0.2652048468589782]], "fy": 1111.1110311937682, "fx": 1111.1110311937682}, {"id": 7, "img_name": "r_7", "width": 800, "height": 800, "position": [0.2762119472026825, 3.0198514461517347, 2.6559753417968754], "rotation": [[-0.9958431124687195, 0.06001297757029531, -0.06851974874734877], [0.09108519554138182, 0.6561276316642759, -0.7491329312324524], [3.7252898539830476e-09, -0.7522600293159484, -0.6588664054870605]], "fy": 1111.1110311937682, "fx": 1111.1110311937682}, {"id": 8, "img_name": "r_8", "width": 800, "height": 800, "position": [-1.5864359140396116, -3.3005757331848145, 1.685058116912842], "rotation": [[0.9012928605079651, -0.18108686804771423, 0.39354631304740906], [-0.43321028351783747, -0.3767507374286652, 0.8187720775604247], [-1.4901161188598507e-08, -0.908441722393036, -0.4180114567279816]], "fy": 1111.1110311937682, "fx": 1111.1110311937682}, {"id": 9, "img_name": "r_9", "width": 800, "height": 800, "position": [-1.948528051376343, 3.1547679901123047, 1.5813529491424563], "rotation": [[-0.8507986068725585, -0.20614278316497808, 0.483370304107666], [-0.5254918932914734, 0.33375585079193115, -0.7826015949249265], [1.4901161182150783e-08, -0.91984361410141, -0.39228537678718567]], "fy": 1111.1110311937682, "fx": 1111.1110311937682}, {"id": 10, "img_name": "r_10", "width": 800, "height": 800, "position": [-0.3172554969787598, 3.767011404037475, 1.3996332883834839], "rotation": [[-0.9964723587036133, -0.0291383545845747, 0.0787013992667198], [-0.08392231911420824, 0.34598144888877863, -0.9344804883003234], [3.2536082331783154e-18, -0.9377887248992921, -0.3472062945365906]], "fy": 1111.1110311937682, "fx": 1111.1110311937682}, {"id": 11, "img_name": "r_11", "width": 800, "height": 800, "position": [-2.9394853115081787, 2.239294052124024, 1.6108965873718262], "rotation": [[-0.6059895157814026, -0.3178822100162506, 0.729196548461914], [-0.7954726219177246, 0.24216204881668094, -0.5555005073547363], [-1.4901161165902258e-08, -0.9166833758354186, -0.3996142446994781]], "fy": 1111.1110311937682, "fx": 1111.1110311937682}, {"id": 12, "img_name": "r_12", "width": 800, "height": 800, "position": [2.698713779449462, 1.605742216110229, 2.5275554656982426], "rotation": [[-0.5113345384597777, 0.5388402938842775, -0.6694684624671935], [0.8593817949295042, 0.32061147689819336, -0.39833560585975636], [-3.716296690864684e-17, -0.7790117263793946, -0.6270093321800233]], "fy": 1111.1110311937682, "fx": 1111.1110311937682}, {"id": 13, "img_name": "r_13", "width": 800, "height": 800, "position": [3.3618061542510986, 1.4793193340301516, 1.6612865924835205], "rotation": [[-0.4027670919895173, 0.37720945477485657, -0.8339614272117614], [0.9153026342391968, 0.16598613560199738, -0.3669739663600922], [-1.4901164751116973e-08, -0.9111320376396179, -0.4121144711971283]], "fy": 1111.1110311937682, "fx": 1111.1110311937682}, {"id": 14, "img_name": "r_14", "width": 800, "height": 800, "position": [2.2681069374084473, -2.536699533462525, 2.161214113235473], "rotation": [[0.7454707622528076, 0.35735198855400085, -0.5626480579376222], [0.6665382385253906, -0.3996701836585997, 0.6292777061462402], [4.685888172862256e-17, -0.8441345691680908, -0.536131203174591]], "fy": 1111.1110311937682, "fx": 1111.1110311937682}, {"id": 15, "img_name": "r_15", "width": 800, "height": 800, "position": [-0.16553816199302676, 0.3103784322738647, 4.015751838684083], "rotation": [[-0.8823493719100952, -0.46879974007606506, 0.04106496274471282], [-0.47059488296508795, 0.8789835572242737, -0.07699541002511975], [3.725290305890264e-09, -0.08726167678833008, -0.9961854219436647]], "fy": 1111.1110311937682, "fx": 1111.1110311937682}, {"id": 16, "img_name": "r_16", "width": 800, "height": 800, "position": [-2.8498432636260995, 0.7856489419937134, 2.7406475543975835], "rotation": [[-0.2657671868801117, -0.6554209589958191, 0.7069590687751769], [-0.964037299156189, 0.18068741261959073, -0.1948955059051514], [-1.49011629638983e-08, -0.7333316802978516, -0.6798709630966187]], "fy": 1111.1110311937682, "fx": 1111.1110311937682}, {"id": 17, "img_name": "r_17", "width": 800, "height": 800, "position": [1.2037813663482666, 3.7300796508789062, 0.9420276880264282], "rotation": [[-0.9516690969467163, 0.07177157700061797, -0.2986213862895965], [0.3071252107620239, 0.22239394485950473, -0.9253188371658324], [-7.450580598092596e-09, -0.9723115563392639, -0.23368830978870392]], "fy": 1111.1110311937682, "fx": 1111.1110311937682}, {"id": 18, "img_name": "r_18", "width": 800, "height": 800, "position": [3.5829269886016855, -1.2717387676239011, 1.3398932218551636], "rotation": [[0.33449804782867437, 0.31323996186256414, -0.8888148069381714], [0.9423965215682985, -0.11118266731500628, 0.3154795467853546], [-1.2334784815517062e-17, -0.9431432485580445, -0.3323865830898285]], "fy": 1111.1110311937682, "fx": 1111.1110311937682}, {"id": 19, "img_name": "r_19", "width": 800, "height": 800, "position": [1.0547538995742793, -0.40797561407089233, 3.869244337081909], "rotation": [[0.36075091361999506, 0.8952076435089111, -0.2616522312164306], [0.932662308216095, -0.34626358747482294, 0.10120629519224168], [7.450581504432665e-09, -0.28054356575012196, -0.9598413705825805]], "fy": 1111.1110311937682, "fx": 1111.1110311937682}, {"id": 20, "img_name": "r_20", "width": 800, "height": 800, "position": [-1.023576259613037, 3.349842548370361, 1.9952058792114256], "rotation": [[-0.956350564956665, -0.1446351855993271, 0.25391802191734314], [-0.2922220230102539, 0.47334533929824824, -0.8309936523437501], [7.450581478306218e-09, -0.8689215779304503, -0.4949496686458587]], "fy": 1111.1110311937682, "fx": 1111.1110311937682}, {"id": 21, "img_name": "r_21", "width": 800, "height": 800, "position": [2.1688425540924072, 2.231244087219238, 2.56274700164795], "rotation": [[-0.7170628309249878, 0.4431157112121583, -0.5380235910415649], [0.6970086097717285, 0.4558649659156798, -0.5535035133361815], [-0.0, -0.7719038724899292, -0.635739266872406]], "fy": 1111.1110311937682, "fx": 1111.1110311937682}, {"id": 22, "img_name": "r_22", "width": 800, "height": 800, "position": [0.29059302806854254, -0.4605365693569182, 3.9941785335540785], "rotation": [[0.8457144498825073, 0.5287441611289978, -0.07208725810050966], [0.5336356163024903, -0.8379623889923093, 0.114245057106018], [-3.7252900703964538e-09, -0.13508741557598114, -0.9908337593078614]], "fy": 1111.1110311937682, "fx": 1111.1110311937682}, {"id": 23, "img_name": "r_23", "width": 800, "height": 800, "position": [-2.402055263519287, 3.084098339080811, 0.9841072559356691], "rotation": [[-0.7889414429664612, -0.15000830590724948, 0.5958765745162963], [-0.6144683957099913, 0.19260187447071075, -0.7650706171989442], [-0.0, -0.9697432518005372, -0.2441269606351853]], "fy": 1111.1110311937682, "fx": 1111.1110311937682}, {"id": 24, "img_name": "r_24", "width": 800, "height": 800, "position": [-2.7697572708129887, -2.6981143951416016, 1.1395715475082395], "rotation": [[0.6977820396423339, -0.20249579846858984, 0.6870921850204469], [-0.7163101434707643, -0.1972580403089523, 0.6693198084831238], [1.4901161135343628e-08, -0.9592105150222779, -0.28269290924072266]], "fy": 1111.1110311937682, "fx": 1111.1110311937682}, {"id": 25, "img_name": "r_25", "width": 800, "height": 800, "position": [-3.3011233806610116, -0.799442410469055, 2.171054363250733], "rotation": [[0.23536923527717588, -0.5234417319297789, 0.8189079165458679], [-0.971906065940857, -0.12676335871219638, 0.1983172446489334], [-7.450580598052748e-09, -0.8425793051719666, -0.5385723114013673]], "fy": 1111.1110311937682, "fx": 1111.1110311937682}, {"id": 26, "img_name": "r_26", "width": 800, "height": 800, "position": [-0.7171050906181334, -3.8398122787475586, 0.9957927465438843], "rotation": [[0.9830045104026794, -0.045349299907684326, 0.17789188027381897], [-0.1835812330245972, -0.242827445268631, 0.9525401592254639], [3.7252902961330106e-09, -0.9690088033676146, -0.2470257729291916]], "fy": 1111.1110311937682, "fx": 1111.1110311937682}, {"id": 27, "img_name": "r_27", "width": 800, "height": 800, "position": [1.2067512273788452, 2.5804538726806636, 2.85219383239746], "rotation": [[-0.9058412313461304, 0.2997271418571473, -0.2993581295013427], [0.4236173033714294, 0.64092093706131, -0.6401318311691284], [1.49011593541855e-08, -0.706671178340912, -0.7075421810150143]], "fy": 1111.1110311937682, "fx": 1111.1110311937682}, {"id": 28, "img_name": "r_28", "width": 800, "height": 800, "position": [-3.827266693115234, -0.262031614780426, 1.2382930517196655], "rotation": [[0.06830453127622604, -0.3064652979373932, 0.9494279623031615], [-0.9976645708084106, -0.02098196931183339, 0.06500203162431718], [-0.0, -0.951650619506836, -0.30718266963958746]], "fy": 1111.1110311937682, "fx": 1111.1110311937682}, {"id": 29, "img_name": "r_29", "width": 800, "height": 800, "position": [-0.84485125541687, 3.2450001239776602, 2.237453937530518], "rotation": [[-0.9677388668060302, -0.13984633982181546, 0.2095817923545837], [-0.25195541977882385, 0.5371376872062682, -0.8049854636192321], [-7.450580606971844e-09, -0.8318210244178771, -0.5550439953804017]], "fy": 1111.1110311937682, "fx": 1111.1110311937682}, {"id": 30, "img_name": "r_30", "width": 800, "height": 800, "position": [-1.603959918022155, 2.639116048812864, 2.5908260345458993], "rotation": [[-0.8545518517494202, -0.33379903435707087, 0.3978934884071349], [-0.5193659067153931, 0.5492246747016907, -0.6546841263771055], [1.490115848116513e-08, -0.7661139369010926, -0.6427048444747926]], "fy": 1111.1110311937682, "fx": 1111.1110311937682}, {"id": 31, "img_name": "r_31", "width": 800, "height": 800, "position": [-0.33244782686233526, -3.8303699493408208, 1.2115048170089724], "rotation": [[0.9962546825408934, -0.025986727327108387, 0.08247014880180359], [-0.08646754920482637, -0.2994117140769959, 0.9501977562904358], [3.309054149637745e-18, -0.9537699222564698, -0.3005373179912567]], "fy": 1111.1110311937682, "fx": 1111.1110311937682}, {"id": 32, "img_name": "r_32", "width": 800, "height": 800, "position": [0.4848643839359283, -3.959544897079468, 0.580441176891327], "rotation": [[0.9925857782363892, 0.017501471564173695, -0.12028004974126813], [0.12154667079448699, -0.14292214810848236, 0.9822421669960023], [-0.0, -0.989579200744629, -0.1439897269010544]], "fy": 1111.1110311937682, "fx": 1111.1110311937682}, {"id": 33, "img_name": "r_33", "width": 800, "height": 800, "position": [0.6642939448356627, 2.889339208602905, 2.7313790321350093], "rotation": [[-0.9745739698410034, 0.15182095766067508, -0.16479106247425085], [0.22406631708145136, 0.6603435873985292, -0.7167569398880006], [-0.0, -0.735456645488739, -0.6775718331336974]], "fy": 1111.1110311937682, "fx": 1111.1110311937682}, {"id": 34, "img_name": "r_34", "width": 800, "height": 800, "position": [-2.0829637050628667, 3.353541851043701, 0.8154876232147217], "rotation": [[-0.8494749665260315, -0.10673805326223375, 0.5167196989059448], [-0.5276288986206054, 0.17184674739837646, -0.8319113254547119], [-7.450580598349007e-09, -0.9793241024017335, -0.20229758322238922]], "fy": 1111.1110311937682, "fx": 1111.1110311937682}, {"id": 35, "img_name": "r_35", "width": 800, "height": 800, "position": [-0.024806614965200417, 1.4379626512527468, 3.765852928161621], "rotation": [[-0.9998512864112853, -0.016113573685288426, 0.006153763271868227], [-0.01724865660071373, 0.9340540766716002, -0.3567146062850952], [8.102833288913123e-19, -0.3567677140235902, -0.9341930747032164]], "fy": 1111.1110311937682, "fx": 1111.1110311937682}, {"id": 36, "img_name": "r_36", "width": 800, "height": 800, "position": [0.04861889034509658, 0.3681953251361847, 4.013984203338623], "rotation": [[-0.9913942217826842, 0.1303533166646957, -0.012060862034559248], [0.13091009855270383, 0.9871777296066285, -0.09133801609277725], [9.313225749369966e-10, -0.09213109314441681, -0.9957469105720519]], "fy": 1111.1110311937682, "fx": 1111.1110311937682}, {"id": 37, "img_name": "r_37", "width": 800, "height": 800, "position": [2.2349517345428462, 2.36797571182251, 2.376485347747803], "rotation": [[-0.7272384762763976, 0.4046468436717987, -0.5544232130050659], [0.6863849163055419, 0.42873138189315807, -0.5874224305152893], [8.967759496985443e-17, -0.8077439665794374, -0.5895333886146547]], "fy": 1111.1110311937682, "fx": 1111.1110311937682}, {"id": 38, "img_name": "r_38", "width": 800, "height": 800, "position": [-2.2083640098571777, -0.1581260710954666, 3.368697881698609], "rotation": [[0.07142041623592375, -0.8335370421409607, 0.5478276610374451], [-0.9974463582038878, -0.05968397110700606, 0.03922624886035919], [-0.0, -0.5492302775382997, -0.8356710672378541]], "fy": 1111.1110311937682, "fx": 1111.1110311937682}, {"id": 39, "img_name": "r_39", "width": 800, "height": 800, "position": [0.5575024485588075, -1.2482784986495974, 3.792227745056153], "rotation": [[0.9130738377571107, 0.3836267292499543, -0.13829933106899261], [0.40779432654380793, -0.858961284160614, 0.30965977907180786], [-0.0, -0.3391398191452026, -0.9407359361648558]], "fy": 1111.1110311937682, "fx": 1111.1110311937682}, {"id": 40, "img_name": "r_40", "width": 800, "height": 800, "position": [-1.7538683414459233, 1.7731775045394902, 3.166983842849732], "rotation": [[-0.7109672427177429, -0.5524761676788328, 0.43508118391036993], [-0.7032251358032227, 0.5585586428642272, -0.43987119197845465], [-1.4901161240959152e-08, -0.6186939477920531, -0.7856320142745972]], "fy": 1111.1110311937682, "fx": 1111.1110311937682}, {"id": 41, "img_name": "r_41", "width": 800, "height": 800, "position": [0.3766236007213593, -2.310002088546753, 3.2820792198181152], "rotation": [[0.9869681596755981, 0.13101491332054133, -0.0934288129210472], [0.16091564297676084, -0.8035734891891478, 0.5730409622192382], [-1.129906796461203e-17, -0.5806072950363159, -0.8141836524009703]], "fy": 1111.1110311937682, "fx": 1111.1110311937682}, {"id": 42, "img_name": "r_42", "width": 800, "height": 800, "position": [-2.1650154590606685, 2.6725552082061776, 2.102416992187499], "rotation": [[-0.777029037475586, -0.32829454541206354, 0.5370742082595825], [-0.6294648647308348, 0.40525591373443604, -0.6629793643951418], [1.490116298520834e-08, -0.853223443031311, -0.5215454697608948]], "fy": 1111.1110311937682, "fx": 1111.1110311937682}, {"id": 43, "img_name": "r_43", "width": 800, "height": 800, "position": [2.8132343292236324, -0.9801510572433473, 2.715698003768921], "rotation": [[0.32901006937026983, 0.6361754536628722, -0.697877526283264], [0.944326400756836, -0.22164809703826907, 0.24314555525779724], [1.9369994689924178e-17, -0.739021599292755, -0.6736817359924316]], "fy": 1111.1110311937682, "fx": 1111.1110311937682}, {"id": 44, "img_name": "r_44", "width": 800, "height": 800, "position": [1.131284832954407, 3.768152236938476, 0.8781932592391967], "rotation": [[-0.9577675461769104, 0.0626422166824341, -0.2806372344493866], [0.28754356503486633, 0.20865248143672943, -0.934763491153717], [-3.725290311827968e-09, -0.975981593132019, -0.21785293519496915]], "fy": 1111.1110311937682, "fx": 1111.1110311937682}, {"id": 45, "img_name": "r_45", "width": 800, "height": 800, "position": [-2.9475231170654315, 0.010678468272089958, 2.7499079704284664], "rotation": [[-0.0036228382959961887, -0.6821636557579039, 0.7311904430389407], [-0.9999935030937195, 0.0024713845923542976, -0.002649001777172089], [-1.1641533536191326e-10, -0.731195271015167, -0.682168126106262]], "fy": 1111.1110311937682, "fx": 1111.1110311937682}, {"id": 46, "img_name": "r_46", "width": 800, "height": 800, "position": [2.164533853530884, 2.793851137161255, 1.938862681388855], "rotation": [[-0.7905110120773317, 0.29457065463066107, -0.5369548201560975], [0.6124477982521058, 0.38021418452262873, -0.6930692195892335], [-1.4901159379353522e-08, -0.8767356276512146, -0.48097267746925354]], "fy": 1111.1110311937682, "fx": 1111.1110311937682}, {"id": 47, "img_name": "r_47", "width": 800, "height": 800, "position": [-1.703159809112549, -1.2431932687759397, 3.4356539249420166], "rotation": [[0.5895764231681823, -0.6883980631828307, 0.42250195145607], [-0.8077125549316405, -0.5024847388267517, 0.30839827656745905], [3.821376254630297e-17, -0.5230844020843507, -0.852280855178833]], "fy": 1111.1110311937682, "fx": 1111.1110311937682}, {"id": 48, "img_name": "r_48", "width": 800, "height": 800, "position": [-0.7585498094558715, 1.0430860519409177, 3.819237232208252], "rotation": [[-0.8087576627731323, -0.5572271347045897, 0.18817304074764252], [-0.5881421566009521, 0.7662461400032042, -0.2587577998638153], [5.2593271620477034e-17, -0.31994491815567017, -0.9474361538887026]], "fy": 1111.1110311937682, "fx": 1111.1110311937682}, {"id": 49, "img_name": "r_49", "width": 800, "height": 800, "position": [2.0437042713165283, 2.0489706993103023, 2.8062417507171626], "rotation": [[-0.7080161571502686, 0.49161356687545776, -0.5069805979728701], [0.7061963081359864, 0.49288040399551375, -0.5082870721817018], [-1.4901161185180962e-08, -0.7179031968116758, -0.6961429119110106]], "fy": 1111.1110311937682, "fx": 1111.1110311937682}, {"id": 50, "img_name": "r_50", "width": 800, "height": 800, "position": [3.779249906539917, -1.2586270570755, 0.6189729571342468], "rotation": [[0.3159740567207336, 0.14568167924880981, -0.937516510486603], [0.9487679004669187, -0.04851727932691573, 0.3122269511222838], [-3.7252907450353715e-09, -0.9881411194801332, -0.15354828536510468]], "fy": 1111.1110311937682, "fx": 1111.1110311937682}, {"id": 51, "img_name": "r_51", "width": 800, "height": 800, "position": [1.1387540102005, 3.260150909423827, 2.0795807838439946], "rotation": [[-0.9440658092498779, 0.17011535167694092, -0.28249010443687433], [0.3297573328018188, 0.48702505230903637, -0.8087438941001891], [2.3777108184489768e-17, -0.8566606044769287, -0.5158804655075073]], "fy": 1111.1110311937682, "fx": 1111.1110311937682}, {"id": 52, "img_name": "r_52", "width": 800, "height": 800, "position": [-1.5111949443817139, -0.6735633611679076, 3.675949096679686], "rotation": [[0.4071078300476075, -0.8329028487205504, 0.3748813271522522], [-0.9133800864219667, -0.3712379038333893, 0.167090505361557], [-2.311769796771e-17, -0.4104329645633697, -0.9118907451629638]], "fy": 1111.1110311937682, "fx": 1111.1110311937682}, {"id": 53, "img_name": "r_53", "width": 800, "height": 800, "position": [-0.9610900282859801, 1.6704311370849612, 3.540616512298585], "rotation": [[-0.8667735457420349, -0.43801936507225026, 0.2384170889854431], [-0.4987021088600159, 0.761303424835205, -0.41438296437263494], [1.4901164708569062e-08, -0.4780752956867218, -0.8783188462257386]], "fy": 1111.1110311937682, "fx": 1111.1110311937682}, {"id": 54, "img_name": "r_54", "width": 800, "height": 800, "position": [0.7441612482070923, 1.2342848777770996, 3.7646732330322257], "rotation": [[-0.856391966342926, 0.48219737410545355, -0.18460367619991302], [0.5163262486457826, 0.7997848987579345, -0.30618837475776667], [1.4901161155223296e-08, -0.35753300786018366, -0.933900475502014]], "fy": 1111.1110311937682, "fx": 1111.1110311937682}, {"id": 55, "img_name": "r_55", "width": 800, "height": 800, "position": [-2.9850764274597164, -1.0781183242797854, 2.4853532314300533], "rotation": [[0.33969300985336304, -0.579878568649292, 0.7405062913894653], [-0.940536379814148, -0.2094344347715378, 0.2674482464790345], [1.490115941939239e-08, -0.7873234748840333, -0.616540253162384]], "fy": 1111.1110311937682, "fx": 1111.1110311937682}, {"id": 56, "img_name": "r_56", "width": 800, "height": 800, "position": [-2.2590517997741704, -3.182008028030395, 1.0106977224349973], "rotation": [[0.8154039978981018, -0.14514176547527313, 0.5604017972946168], [-0.5788923501968385, -0.20444072782993314, 0.7893590331077576], [-1.4901161218484946e-08, -0.9680588245391846, -0.25072324275970453]], "fy": 1111.1110311937682, "fx": 1111.1110311937682}, {"id": 57, "img_name": "r_57", "width": 800, "height": 800, "position": [0.08902317285537718, 0.03744500875473021, 4.0299715995788565], "rotation": [[-0.38771894574165344, 0.921513020992279, -0.022083932533860203], [0.921777606010437, 0.3876076638698578, -0.009288963861763474], [9.313225181419389e-10, -0.023955816403031342, -0.9997129440307616]], "fy": 1111.1110311937682, "fx": 1111.1110311937682}, {"id": 58, "img_name": "r_58", "width": 800, "height": 800, "position": [-1.0136170387268062, -0.7413702011108398, 3.8305287361145015], "rotation": [[0.5903539657592775, -0.7669787406921387, 0.25144743919372564], [-0.8071444630622865, -0.5609763264656067, 0.18391130864620206], [2.1287935479177658e-17, -0.3115271329879761, -0.9502372145652771]], "fy": 1111.1110311937682, "fx": 1111.1110311937682}, {"id": 59, "img_name": "r_59", "width": 800, "height": 800, "position": [-3.5419156551361075, 1.6495444774627683, 0.9918855428695676], "rotation": [[-0.4221813976764679, -0.22305302321910855, 0.8786411285400391], [-0.9065114259719849, 0.10388047248125076, -0.4092016220092773], [-1.2193596018656234e-17, -0.96925550699234, -0.24605651199817652]], "fy": 1111.1110311937682, "fx": 1111.1110311937682}, {"id": 60, "img_name": "r_60", "width": 800, "height": 800, "position": [2.216516971588135, 3.0705640316009526, 1.381553292274475], "rotation": [[-0.8108186721801758, 0.2005938440561295, -0.5498501658439637], [0.5852974057197572, 0.2778847515583039, -0.7617132067680359], [-1.4901160282096816e-08, -0.939437210559845, -0.34272119402885437]], "fy": 1111.1110311937682, "fx": 1111.1110311937682}, {"id": 61, "img_name": "r_61", "width": 800, "height": 800, "position": [0.45240253210067743, -2.1379783153533936, 3.387385368347168], "rotation": [[0.9783369302749634, 0.17395949363708496, -0.11222725361585617], [0.20701898634433744, -0.8221033215522767, 0.5303671360015869], [-0.0, -0.5421109795570374, -0.8403068780899048]], "fy": 1111.1110311937682, "fx": 1111.1110311937682}, {"id": 62, "img_name": "r_62", "width": 800, "height": 800, "position": [-0.9217212200164796, -3.172271490097047, 2.3102214336395264], "rotation": [[0.9602863192558289, -0.1599031090736389, 0.22865088284015656], [-0.2790165543556214, -0.5503356456756591, 0.7869436740875245], [-2.2745379041342177e-17, -0.8194886445999146, -0.5730953812599182]], "fy": 1111.1110311937682, "fx": 1111.1110311937682}, {"id": 63, "img_name": "r_63", "width": 800, "height": 800, "position": [-1.5163878202438352, -2.1115779876708984, 3.0808775424957284], "rotation": [[0.8122538924217222, -0.4458027780056, 0.37616950273513794], [-0.5833039879798889, -0.620782732963562, 0.5238180160522462], [1.4901160319332972e-08, -0.6448943614959718, -0.7642716169357301]], "fy": 1111.1110311937682, "fx": 1111.1110311937682}, {"id": 64, "img_name": "r_64", "width": 800, "height": 800, "position": [0.027143210172653195, -0.020994991064071652, 4.030982494354248], "rotation": [[0.6118249893188478, 0.7909644842147826, -0.006733402144163845], [0.7909932136535645, -0.6118027567863464, 0.00520821614190936], [6.860523853500504e-19, -0.008514356799423693, -0.9999637603759765]], "fy": 1111.1110311937682, "fx": 1111.1110311937682}, {"id": 65, "img_name": "r_65", "width": 800, "height": 800, "position": [-0.5305445194244387, -0.5053104162216184, 3.9639856815338135], "rotation": [[0.6896766424179077, -0.7120565176010132, 0.13161189854145053], [-0.7241175770759583, -0.6781892180442809, 0.1253520846366882], [7.450580616219755e-09, -0.1817546486854553, -0.9833438396453856]], "fy": 1111.1110311937682, "fx": 1111.1110311937682}, {"id": 66, "img_name": "r_66", "width": 800, "height": 800, "position": [1.5590094327926636, -2.8493714332580558, 2.3875870704650874], "rotation": [[0.8772726655006408, 0.2842934131622315, -0.38674262166023254], [0.47999224066734314, -0.51959764957428, 0.7068420648574828], [-1.49011602586853e-08, -0.805726706981659, -0.5922874212265015]], "fy": 1111.1110311937682, "fx": 1111.1110311937682}, {"id": 67, "img_name": "r_67", "width": 800, "height": 800, "position": [-2.5663712024688725, -2.4293041229248047, 1.9396443367004397], "rotation": [[0.6874470710754396, -0.34943979978561407, 0.6366383433341978], [-0.726234495639801, -0.33077657222747797, 0.6026361584663391], [-1.4901161140202265e-08, -0.8766292333602904, -0.48116654157638544]], "fy": 1111.1110311937682, "fx": 1111.1110311937682}, {"id": 68, "img_name": "r_68", "width": 800, "height": 800, "position": [-0.2169005870819092, 2.4488039016723633, 3.194732189178467], "rotation": [[-0.9961003065109253, -0.0699225962162018, 0.05380641296505928], [-0.08822868019342424, 0.7894248962402344, -0.6074734926223754], [3.725290747594446e-09, -0.6098517179489137, -0.7925155162811278]], "fy": 1111.1110311937682, "fx": 1111.1110311937682}, {"id": 69, "img_name": "r_69", "width": 800, "height": 800, "position": [0.3464460372924805, 3.5605604648590092, 1.8580592870712278], "rotation": [[-0.9952996373176575, 0.044637918472290046, -0.08594268560409546], [0.09684363007545473, 0.45876124501228344, -0.8832663297653198], [3.7252902980005057e-09, -0.8874376416206361, -0.46092778444290156]], "fy": 1111.1110311937682, "fx": 1111.1110311937682}, {"id": 70, "img_name": "r_70", "width": 800, "height": 800, "position": [3.409281730651855, -2.0551457405090336, 0.6349608302116394], "rotation": [[0.5162636041641234, 0.13490000367164606, -0.8457386493682861], [0.8564297556877135, -0.08131893724203111, 0.5098188519477844], [-0.0, -0.9875166416168212, -0.15751437842845917]], "fy": 1111.1110311937682, "fx": 1111.1110311937682}, {"id": 71, "img_name": "r_71", "width": 800, "height": 800, "position": [-0.04859909042716024, 1.895961284637451, 3.557101011276245], "rotation": [[-0.9996716380119324, -0.022611305117607117, 0.012055951170623299], [-0.025624539703130722, 0.8821184635162355, -0.47033011913299555], [-0.0, -0.47048455476760853, -0.8824082016944884]], "fy": 1111.1110311937682, "fx": 1111.1110311937682}, {"id": 72, "img_name": "r_72", "width": 800, "height": 800, "position": [-3.8656191825866695, -0.7006182670593263, 0.9033951163291932], "rotation": [[0.17833800613880157, -0.22051218152046206, 0.9589420557022094], [-0.9839693307876588, -0.0399664007127285, 0.17380200326442719], [3.7252902931283114e-09, -0.9745650291442871, -0.22410474717617032]], "fy": 1111.1110311937682, "fx": 1111.1110311937682}, {"id": 73, "img_name": "r_73", "width": 800, "height": 800, "position": [1.4215798377990725, 2.982887744903565, 2.3090021610260005], "rotation": [[-0.9027246236801147, 0.2464263886213303, -0.3526505529880524], [0.4302190542221069, 0.5170742273330687, -0.7399633526802065], [1.4901162963154773e-08, -0.8197000622749329, -0.5727929472923279]], "fy": 1111.1110311937682, "fx": 1111.1110311937682}, {"id": 74, "img_name": "r_74", "width": 800, "height": 800, "position": [-1.885766625404358, 3.441655397415161, 0.9213535189628602], "rotation": [[-0.8769834637641907, -0.1098276153206825, 0.4678010940551758], [-0.4805205762386321, 0.20044304430484775, -0.853769540786743], [-0.0, -0.9735298752784729, -0.22855965793132782]], "fy": 1111.1110311937682, "fx": 1111.1110311937682}, {"id": 75, "img_name": "r_75", "width": 800, "height": 800, "position": [0.7732176780700684, -1.0656020641326902, 3.81006908416748], "rotation": [[0.8093736171722412, 0.5550881028175353, -0.19181169569492337], [0.5872942209243773, -0.7649890184402466, 0.2643433213233948], [-2.6233510348972142e-17, -0.32660242915153503, -0.9451618194580079]], "fy": 1111.1110311937682, "fx": 1111.1110311937682}, {"id": 76, "img_name": "r_76", "width": 800, "height": 800, "position": [2.847681999206543, -2.328790664672851, 1.6484664678573608], "rotation": [[0.6330536603927613, 0.31655922532081593, -0.7064229249954224], [0.7741079330444337, -0.25887730717658997, 0.5777018666267395], [-1.4901161186817587e-08, -0.912563920021057, -0.4089342057704925]], "fy": 1111.1110311937682, "fx": 1111.1110311937682}, {"id": 77, "img_name": "r_77", "width": 800, "height": 800, "position": [-2.1101562976837167, -1.9570230245590212, 2.822640895843507], "rotation": [[0.6800017356872559, -0.513401985168457, 0.5234653353691101], [-0.7332105040550232, -0.47614464163780224, 0.4854776561260224], [1.4901163014372562e-08, -0.7139359712600707, -0.700210988521576]], "fy": 1111.1110311937682, "fx": 1111.1110311937682}, {"id": 78, "img_name": "r_78", "width": 800, "height": 800, "position": [-0.2397694438695908, -1.4722244739532475, 3.745005607604981], "rotation": [[0.9869961738586426, -0.14933481812477112, 0.059479478746652596], [-0.16074419021606445, -0.9169406890869141, 0.36521393060684204], [-0.0, -0.3700255751609802, -0.9290215373039244]], "fy": 1111.1110311937682, "fx": 1111.1110311937682}, {"id": 79, "img_name": "r_79", "width": 800, "height": 800, "position": [0.9299597740173344, 0.9684368371963504, 3.8009610176086435], "rotation": [[-0.7212904095649719, 0.6530850529670715, -0.23069462180137634], [0.6926327347755433, 0.6801064610481261, -0.240239605307579], [1.4901161218126238e-08, -0.3330692350864411, -0.9429023861885071]], "fy": 1111.1110311937682, "fx": 1111.1110311937682}, {"id": 80, "img_name": "r_80", "width": 800, "height": 800, "position": [2.73002052307129, -2.323388814926147, 1.8435978889465334], "rotation": [[0.6481133103370665, 0.34828475117683416, -0.6772347092628479], [0.7615439295768737, -0.2964083850383758, 0.5763618350028992], [7.518816058295546e-17, -0.889291763305664, -0.45734032988548273]], "fy": 1111.1110311937682, "fx": 1111.1110311937682}, {"id": 81, "img_name": "r_81", "width": 800, "height": 800, "position": [-1.7542601823806765, 3.1409051418304443, 1.8185944557189946], "rotation": [[-0.8730560541152954, -0.21998372673988342, 0.43517839908599854], [-0.4876198172569275, 0.39386856555938715, -0.7791626453399657], [-0.0, -0.8924542665481567, -0.45113775134086614]], "fy": 1111.1110311937682, "fx": 1111.1110311937682}, {"id": 82, "img_name": "r_82", "width": 800, "height": 800, "position": [-0.8435224294662473, -2.0132369995117183, 3.3890037536621085], "rotation": [[0.9223150014877319, -0.3248825073242188, 0.2092521637678146], [-0.386439025402069, -0.7753978967666627, 0.4994226396083831], [1.4901161218931435e-08, -0.5414881706237793, -0.8407083749771118]], "fy": 1111.1110311937682, "fx": 1111.1110311937682}, {"id": 83, "img_name": "r_83", "width": 800, "height": 800, "position": [1.7864909172058103, -0.7627068758010864, 3.532241106033325], "rotation": [[0.3926436603069306, 0.8058708906173705, -0.44317385554313665], [0.9196906089782715, -0.34405061602592474, 0.18920429050922397], [-1.4901160318340092e-08, -0.4818727672100067, -0.8762411475181581]], "fy": 1111.1110311937682, "fx": 1111.1110311937682}, {"id": 84, "img_name": "r_84", "width": 800, "height": 800, "position": [0.050567459315061576, 2.4257223606109624, 3.219210147857666], "rotation": [[-0.9997828006744385, 0.016644023358821865, -0.012544242665171623], [0.02084182389080524, 0.7984142303466796, -0.6017476320266725], [-0.0, -0.6018784046173097, -0.798587739467621]], "fy": 1111.1110311937682, "fx": 1111.1110311937682}, {"id": 85, "img_name": "r_85", "width": 800, "height": 800, "position": [0.007534991018474105, -2.8953652381896973, 2.8047823905944824], "rotation": [[0.9999966621398926, 0.0018107163487002256, -0.001869201194494963], [0.002602423308417201, -0.6957784891128541, 0.718251705169678], [1.164153355196095e-10, -0.7182540893554686, -0.695780873298645]], "fy": 1111.1110311937682, "fx": 1111.1110311937682}, {"id": 86, "img_name": "r_86", "width": 800, "height": 800, "position": [-0.028063526377081864, 3.477814197540283, 2.0381414890289307], "rotation": [[-0.9999675154685973, -0.004079710226505993, 0.006961703766137361], [-0.008069037459790707, 0.505584180355072, -0.8627395033836363], [-2.3283067130776505e-10, -0.8627675771713258, -0.5056006908416748]], "fy": 1111.1110311937682, "fx": 1111.1110311937682}, {"id": 87, "img_name": "r_87", "width": 800, "height": 800, "position": [0.1762462705373764, 3.2071726322174063, 2.4357709884643555], "rotation": [[-0.9984934926033021, 0.033155269920825965, -0.04372131824493409], [0.05487099289894103, 0.6033300757408142, -0.7956016063690186], [-5.52892484514119e-18, -0.7968020439147949, -0.6042404174804688]], "fy": 1111.1110311937682, "fx": 1111.1110311937682}, {"id": 88, "img_name": "r_88", "width": 800, "height": 800, "position": [2.76861834526062, 0.16298195719718936, 2.9254384040832524], "rotation": [[-0.05876587703824041, 0.7244577407836913, -0.6868096590042114], [0.9982717633247375, 0.0426471009850502, -0.04043084755539895], [1.862645039876377e-09, -0.6879987120628358, -0.7257119417190554]], "fy": 1111.1110311937682, "fx": 1111.1110311937682}, {"id": 89, "img_name": "r_89", "width": 800, "height": 800, "position": [1.3159064054489134, 3.3988528251647954, 1.722262620925903], "rotation": [[-0.9325475692749023, 0.15425397455692294, -0.32643625140190125], [0.3610469400882721, 0.39842239022254944, -0.8431516885757446], [1.4901158497571015e-08, -0.9041378498077393, -0.4272408187389373]], "fy": 1111.1110311937682, "fx": 1111.1110311937682}, {"id": 90, "img_name": "r_90", "width": 800, "height": 800, "position": [1.838240385055542, 3.463947534561157, 0.9337774515151981], "rotation": [[-0.8833250999450685, 0.10858460515737534, -0.4560112953186035], [0.46876111626625055, 0.20461490750312805, -0.859299600124359], [-0.0, -0.9728012084960939, -0.23164168000221258]], "fy": 1111.1110311937682, "fx": 1111.1110311937682}, {"id": 91, "img_name": "r_91", "width": 800, "height": 800, "position": [3.1830916404724117, 2.0171475410461426, 1.4314478635787962], "rotation": [[-0.5352773666381836, 0.2999432981014251, -0.7896278500556947], [0.844676375389099, 0.19007618725299832, -0.500392735004425], [1.4901161162614383e-08, -0.9348288774490355, -0.3550985157489776]], "fy": 1111.1110311937682, "fx": 1111.1110311937682}, {"id": 92, "img_name": "r_92", "width": 800, "height": 800, "position": [-2.679466247558594, -2.836977958679201, 1.010948657989502], "rotation": [[0.7270005941390991, -0.17219856381416318, 0.6646937727928162], [-0.6866368055343628, -0.18232119083404538, 0.7037675976753236], [-7.450581495775377e-09, -0.9680426120758054, -0.2507854998111725]], "fy": 1111.1110311937682, "fx": 1111.1110311937682}, {"id": 93, "img_name": "r_93", "width": 800, "height": 800, "position": [-3.2481272220611572, 0.6737400889396665, 2.290358781814575], "rotation": [[-0.2031010091304779, -0.5563262701034546, 0.8057611584663392], [-0.9791578054428101, 0.11539552360773085, -0.16713434457778928], [-0.0, -0.8229124546051027, -0.5681681036949158]], "fy": 1111.1110311937682, "fx": 1111.1110311937682}, {"id": 94, "img_name": "r_94", "width": 800, "height": 800, "position": [0.32215401530265814, -0.6086594462394714, 3.9718699455261226], "rotation": [[0.8838344812393188, 0.46092304587364213, -0.07991657406091691], [0.46779990196228033, -0.8708417415618898, 0.150989830493927], [7.450581499929293e-09, -0.17083492875099185, -0.9852996468544005]], "fy": 1111.1110311937682, "fx": 1111.1110311937682}, {"id": 95, "img_name": "r_95", "width": 800, "height": 800, "position": [-3.854080200195313, -0.5521584749221802, 1.0445988178253174], "rotation": [[0.14181792736053464, -0.2565139830112458, 0.9560795426368713], [-0.9898927807807921, -0.03674972057342531, 0.13697364926338196], [-3.725290304884685e-09, -0.9658416509628296, -0.25913304090499883]], "fy": 1111.1110311937682, "fx": 1111.1110311937682}, {"id": 96, "img_name": "r_96", "width": 800, "height": 800, "position": [1.854208111763, 3.412431240081787, 1.0803816318511963], "rotation": [[-0.8786649107933044, 0.12795826792716977, -0.459972470998764], [0.47743898630142206, 0.23549072444438932, -0.8465200662612915], [1.4901161169936543e-08, -0.9634161591529845, -0.26800972223281855]], "fy": 1111.1110311937682, "fx": 1111.1110311937682}, {"id": 97, "img_name": "r_97", "width": 800, "height": 800, "position": [0.4186170399188995, 0.20415061712265017, 4.004133224487305], "rotation": [[-0.4383320212364197, 0.8927939534187317, -0.10384610295295713], [0.8988131880760193, 0.4353965818881989, -0.05064353346824646], [6.1950028281477394e-18, -0.11553671956062317, -0.9933031797409055]], "fy": 1111.1110311937682, "fx": 1111.1110311937682}, {"id": 98, "img_name": "r_98", "width": 800, "height": 800, "position": [-3.948305606842041, 0.21051950752735138, 0.7852164506912235], "rotation": [[-0.05324332416057587, -0.19451193511486056, 0.9794540405273435], [-0.99858158826828, 0.010371172800660137, -0.052223462611436844], [1.6990820029045647e-18, -0.9808453321456911, -0.19478821754455572]], "fy": 1111.1110311937682, "fx": 1111.1110311937682}, {"id": 99, "img_name": "r_99", "width": 800, "height": 800, "position": [0.9941955208778382, -2.597781181335449, 2.9177231788635245], "rotation": [[0.9339407086372377, 0.25870570540428167, -0.24662955105304715], [0.35742801427841187, -0.6759845018386842, 0.6444301605224609], [-0.0, -0.6900118589401245, -0.7237980365753174]], "fy": 1111.1110311937682, "fx": 1111.1110311937682}, {"id": 100, "img_name": "r_0", "width": 800, "height": 800, "position": [-0.0, 2.7372601032257076, 2.9592916965484624], "rotation": [[-1.0, -0.0, -0.0], [0.0, 0.7341099977493286, -0.6790306568145752], [-0.0, -0.6790306568145751, -0.7341099381446838]], "fy": 1111.1110311937682, "fx": 1111.1110311937682}, {"id": 101, "img_name": "r_1", "width": 800, "height": 800, "position": [-0.17187398672103876, 2.731858730316162, 2.959291696548462], "rotation": [[-0.9980267286300659, -0.04609514772891998, 0.042636688798665986], [-0.06279052048921584, 0.7