{
    "camera_angle_x": 0.6911112070083618,
    "frames": [
        {
            "file_path": "./train/r_0",
            "rotation": 0.012566370614359171,
            "transform_matrix": [
                [
                    -0.9244644045829773,
                    -0.2542489469051361,
                    0.28411802649497986,
                    1.1453163623809814
                ],
                [
                    0.38126838207244873,
                    -0.6164793968200684,
                    0.6889031529426575,
                    2.777057409286499
                ],
                [
                    1.4901161193847656e-08,
                    0.7451916933059692,
                    0.6668503284454346,
                    2.688159704208374
                ],
                [
                    0.0,
                    0.0,
                    0.0,
                    1.0
                ]
            ]
        },
        {
            "file_path": "./train/r_1",
            "rotation": 0.012566370614359171,
            "transform_matrix": [
                [
                    -0.1570122241973877,
                    0.3146287798881531,
                    -0.936138927936554,
                    -3.773696184158325
                ],
                [
                    -0.9875966310501099,
                    -0.05002099275588989,
                    0.14883126318454742,
                    0.5999579429626465
                ],
                [
                    0.0,
                    0.9478959441184998,
                    0.3185802102088928,
                    1.2842377424240112
                ],
                [
                    0.0,
                    0.0,
                    0.0,
                    1.0
                ]
            ]
        },
        {
            "file_path": "./train/r_2",
            "rotation": 0.012566370614359171,
            "transform_matrix": [
                [
                    0.2843727171421051,
                    -0.5036342144012451,
                    0.8157724738121033,
                    3.2884840965270996
                ],
                [
                    0.9587140083312988,
                    0.1493874490261078,
                    -0.24197356402873993,
                    -0.9754266142845154
                ],
                [
                    0.0,
                    0.8509030342102051,
                    0.5253227353096008,
                    2.1176435947418213
                ],
                [
                    0.0,
                    0.0,
                    0.0,
                    1.0
                ]
            ]
        },
        {
            "file_path": "./train/r_3",
            "rotation": 0.012566370614359171,
            "transform_matrix": [
                [
                    0.9437206387519836,
                    0.15886801481246948,
                    -0.29009029269218445,
                    -1.169391393661499
                ],
                [
                    -0.3307437598705292,
                    0.45330265164375305,
                    -0.8277229070663452,
                    -3.336657762527466
                ],
                [
                    0.0,
                    0.8770846724510193,
                    0.48033568263053894,
                    1.9362950325012207
                ],
                [
                    0.0,
                    0.0,
                    0.0,
                    1.0
                ]
            ]
        },
        {
            "file_path": "./train/r_4",
            "rotation": 0.012566370614359171,
            "transform_matrix": [
                [
                    -0.7222044467926025,
                    0.5883578658103943,
                    -0.36366981267929077,
                    -1.465999960899353
                ],
                [
                    -0.6916795969009399,
                    -0.6143229603767395,
                    0.379719078540802,
                    1.5306965112686157
                ],
                [
                    0.0,
                    0.5257777571678162,
                    0.8506219387054443,
                    3.428966760635376
                ],
                [
                    0.0,
                    0.0,
                    0.0,
                    1.0
                ]
            ]
        },
        {
            "file_path": "./train/r_5",
            "rotation": 0.012566370614359171,
            "transform_matrix": [
                [
                    -0.9653125405311584,
                    0.11990625411272049,
                    -0.2319360226392746,
                    -0.9349640011787415
                ],
                [
                    -0.26109737157821655,
                    -0.4433097243309021,
                    0.8574990630149841,
                    3.4566893577575684
                ],
                [
                    7.450581485102248e-09,
                    0.8883123993873596,
                    0.4592396318912506,
                    1.8512542247772217
                ],
                [
                    0.0,
                    0.0,
                    0.0,
                    1.0
                ]
            ]
        },
        {
            "file_path": "./train/r_6",
            "rotation": 0.012566370614359171,
            "transform_matrix": [
                [
                    -0.487718790769577,
                    -0.1706726849079132,
                    0.8561549186706543,
                    3.451270818710327
                ],
                [
                    0.8730008602142334,
                    -0.09534958750009537,
                    0.47830748558044434,
                    1.92811918258667
                ],
                [
                    -7.450580596923828e-09,
                    0.9807034730911255,
                    0.1955011785030365,
                    0.7880904674530029
                ],
                [
                    0.0,
                    0.0,
                    0.0,
                    1.0
                ]
            ]
        },
        {
            "file_path": "./train/r_7",
            "rotation": 0.012566370614359171,
            "transform_matrix": [
                [
                    0.9586917757987976,
                    -0.18692921102046967,
                    0.2144005447626114,
                    0.8642762303352356
                ],
                [
                    0.28444704413414,
                    0.6300205588340759,
                    -0.7226091623306274,
                    -2.912930727005005
                ],
                [
                    1.4901161193847656e-08,
                    0.7537450194358826,
                    0.6571669578552246,
                    2.6491246223449707
                ],
                [
                    0.0,
                    0.0,
                    0.0,
                    1.0
                ]
            ]
        },
        {
            "file_path": "./train/r_8",
            "rotation": 0.012566370614359171,
            "transform_matrix": [
                [
                    -0.8471452593803406,
                    0.22033534944057465,
                    -0.48352599143981934,
                    -1.949155569076538
                ],
                [
                    -0.5313615798950195,
                    -0.35127878189086914,
                    0.7708814144134521,
                    3.107522487640381
                ],
                [
                    0.0,
                    0.9099755883216858,
                    0.41466182470321655,
                    1.6715552806854248
                ],
                [
                    0.0,
                    0.0,
                    0.0,
                    1.0
                ]
            ]
        },
        {
            "file_path": "./train/r_9",
            "rotation": 0.012566370614359171,
            "transform_matrix": [
                [
                    -0.992890477180481,
                    -0.06078677996993065,
                    0.10234062373638153,
                    0.4125482439994812
                ],
                [
                    0.11903209984302521,
                    -0.5070448517799377,
                    0.8536608219146729,
                    3.4412169456481934
                ],
                [
                    -7.450581485102248e-09,
                    0.8597734570503235,
                    0.5106756091117859,
                    2.0585992336273193
                ],
                [
                    0.0,
                    0.0,
                    0.0,
                    1.0
                ]
            ]
        },
        {
            "file_path": "./train/r_10",
            "rotation": 0.012566370614359171,
            "transform_matrix": [
                [
                    0.8426918983459473,
                    0.2748822569847107,
                    -0.4629363715648651,
                    -1.8661562204360962
                ],
                [
                    -0.5383960604667664,
                    0.4302428066730499,
                    -0.7245831489562988,
                    -2.9208881855010986
                ],
                [
                    0.0,
                    0.8598434925079346,
                    0.5105575919151306,
                    2.0581235885620117
                ],
                [
                    0.0,
                    0.0,
                    0.0,
                    1.0
                ]
            ]
        },
        {
            "file_path": "./train/r_11",
            "rotation": 0.012566370614359171,
            "transform_matrix": [
                [
                    -0.9879636168479919,
                    -0.11031342297792435,
                    0.10843808203935623,
                    0.43712788820266724
                ],
                [
                    0.1546863615512848,
                    -0.7045588493347168,
                    0.692581295967102,
                    2.791884422302246
                ],
                [
                    0.0,
                    0.7010189890861511,
                    0.7131425738334656,
                    2.874769687652588
                ],
                [
                    0.0,
                    0.0,
                    0.0,
                    1.0
                ]
            ]
        },
        {
            "file_path": "./train/r_12",
            "rotation": 0.012566370614359171,
            "transform_matrix": [
                [
                    -0.6130470633506775,
                    -0.6812429428100586,
                    0.4001017212867737,
                    1.6128616333007812
                ],
                [
                    0.7900463938713074,
                    -0.5286195874214172,
                    0.3104642629623413,
                    1.2515214681625366
                ],
                [
                    2.9802322387695312e-08,
                    0.5064281225204468,
                    0.8622821569442749,
                    3.475970506668091
                ],
                [
                    0.0,
                    0.0,
                    0.0,
                    1.0
                ]
            ]
        },
        {
            "file_path": "./train/r_13",
            "rotation": 0.012566370614359171,
            "transform_matrix": [
                [
                    0.8234031796455383,
                    0.216934934258461,
                    -0.5243533849716187,
                    -2.113736152648926
                ],
                [
                    -0.567456841468811,
                    0.3147814869880676,
                    -0.7608582377433777,
                    -3.067117691040039
                ],
                [
                    0.0,
                    0.9240409135818481,
                    0.38229331374168396,
                    1.5410736799240112
                ],
                [
                    0.0,
                    0.0,
                    0.0,
                    1.0
                ]
            ]
        },
        {
            "file_path": "./train/r_14",
            "rotation": 0.012566370614359171,
            "transform_matrix": [
                [
                    0.9921797513961792,
                    0.1192428320646286,
                    -0.036885816603899,
                    -0.14869147539138794
                ],
                [
                    -0.12481753528118134,
                    0.9478662014007568,
                    -0.2932068705558777,
                    -1.1819547414779663
                ],
                [
                    3.725290298461914e-09,
                    0.29551783204078674,
                    0.9553371667861938,
                    3.8510873317718506
                ],
                [
                    0.0,
                    0.0,
                    0.0,
                    1.0
                ]
            ]
        },
        {
            "file_path": "./train/r_15",
            "rotation": 0.012566370614359171,
            "transform_matrix": [
                [
                    0.46700677275657654,
                    -0.6018282771110535,
                    0.6478481888771057,
                    2.6115596294403076
                ],
                [
                    0.8842536807060242,
                    0.3178475797176361,
                    -0.3421523869037628,
                    -1.3792604207992554
                ],
                [
                    0.0,
                    0.7326496839523315,
                    0.6806058883666992,
                    2.743610143661499
                ],
                [
                    0.0,
                    0.0,
                    0.0,
                    1.0
                ]
            ]
        },
        {
            "file_path": "./train/r_16",
            "rotation": 0.012566370614359171,
            "transform_matrix": [
                [
                    0.9736602306365967,
                    -0.1829541176557541,
                    0.13606448471546173,
                    0.548493504524231
                ],
                [
                    0.2280038297176361,
                    0.7812812924385071,
                    -0.5810453295707703,
                    -2.342268705368042
                ],
                [
                    0.0,
                    0.5967638492584229,
                    0.8024168014526367,
                    3.2346456050872803
                ],
                [
                    0.0,
                    0.0,
                    0.0,
                    1.0
                ]
            ]
        },
        {
            "file_path": "./train/r_17",
            "rotation": 0.012566370614359171,
            "transform_matrix": [
                [
                    -0.7127291560173035,
                    0.2698761820793152,
                    -0.6474441885948181,
                    -2.609930992126465
                ],
                [
                    -0.701439380645752,
                    -0.27421990036964417,
                    0.6578649282455444,
                    2.6519384384155273
                ],
                [
                    0.0,
                    0.9230223894119263,
                    0.384746253490448,
                    1.5509617328643799
                ],
                [
                    0.0,
                    0.0,
                    0.0,
                    1.0
                ]
            ]
        },
        {
            "file_path": "./train/r_18",
            "rotation": 0.012566370614359171,
            "transform_matrix": [
                [
                    -0.9999752044677734,
                    0.006661850027740002,
                    -0.002311056014150381,
                    -0.009316165000200272
                ],
                [
                    -0.0070513286627829075,
                    -0.9447417855262756,
                    0.3277394473552704,
                    1.3211599588394165
                ],
                [
                    -2.3283067140944524e-10,
                    0.32774752378463745,
                    0.9447652697563171,
                    3.8084707260131836
                ],
                [
                    0.0,
                    0.0,
                    0.0,
                    1.0
                ]
            ]
        },
        {
            "file_path": "./train/r_19",
            "rotation": 0.012566370614359171,
            "transform_matrix": [
                [
                    0.8502771258354187,
                    0.5201511383056641,
                    -0.0804457888007164,
                    -0.3242873549461365
                ],
                [
                    -0.5263351798057556,
                    0.8402869701385498,
                    -0.12995751202106476,
                    -0.5238754749298096
                ],
                [
                    0.0,
                    0.15284141898155212,
                    0.988250732421875,
                    3.9837660789489746
                ],
                [
                    0.0,
                    0.0,
                    0.0,
                    1.0
                ]
            ]
        },
        {
            "file_path": "./train/r_20",
            "rotation": 0.012566370614359171,
            "transform_matrix": [
                [
                    0.10969264805316925,
                    -0.49124911427497864,
                    0.8640843629837036,
                    3.4832355976104736
                ],
                [
                    0.9939656257629395,
                    0.05421355739235878,
                    -0.09535913169384003,
                    -0.3844049572944641
                ],
                [
                    3.725290742551124e-09,
                    0.8693303465843201,
                    0.4942314624786377,
                    1.9923107624053955
                ],
                [
                    0.0,
                    0.0,
                    0.0,
                    1.0
                ]
            ]
        },
        {
            "file_path": "./train/r_21",
            "rotation": 0.012566370614359171,
            "transform_matrix": [
                [
                    -0.9894192814826965,
                    -0.08431875705718994,
                    0.11806700378656387,
                    0.47594332695007324
                ],
                [
                    0.14508435130119324,
                    -0.5750213861465454,
                    0.8051713705062866,
                    3.2457497119903564
                ],
                [
                    7.450580596923828e-09,
                    0.81378173828125,
                    0.5811705589294434,
                    2.3427734375
                ],
                [
                    0.0,
                    0.0,
                    0.0,
                    1.0
                ]
            ]
        },
        {
            "file_path": "./train/r_22",
            "rotation": 0.012566370614359171,
            "transform_matrix": [
                [
                    0.9258859157562256,
                    0.10255570709705353,
                    -0.36361753940582275,
                    -1.4657891988754272
                ],
                [
                    -0.37780338525772095,
                    0.25133413076400757,
                    -0.8911204934120178,
                    -3.59222149848938
                ],
                [
                    7.450580596923828e-09,
                    0.9624518156051636,
                    0.2714526057243347,
                    1.0942604541778564
                ],
                [
                    0.0,
                    0.0,
                    0.0,
                    1.0
                ]
            ]
        },
        {
            "file_path": "./train/r_23",
            "rotation": 0.012566370614359171,
            "transform_matrix": [
                [
                    -0.7612911462783813,
                    0.44486531615257263,
                    -0.4717314541339874,
                    -1.9016103744506836
                ],
                [
                    -0.6484101414680481,
                    -0.5223114490509033,
                    0.5538547039031982,
                    2.2326598167419434
                ],
                [
                    -1.4901159417490817e-08,
                    0.7275201082229614,
                    0.6860862970352173,
                    2.765702247619629
                ],
                [
                    0.0,
                    0.0,
                    0.0,
                    1.0
                ]
            ]
        },
        {
            "file_path": "./train/r_24",
            "rotation": 0.012566370614359171,
            "transform_matrix": [
                [
                    -0.14373598992824554,
                    0.43615517020225525,
                    -0.8883178234100342,
                    -3.5809237957000732
                ],
                [
                    -0.9896161556243896,
                    -0.06334900110960007,
                    0.1290230005979538,
                    0.5201083421707153
                ],
                [
                    3.725290742551124e-09,
                    0.8976388573646545,
                    0.4407317042350769,
                    1.776646375656128
                ],
                [
                    0.0,
                    0.0,
                    0.0,
                    1.0
                ]
            ]
        },
        {
            "file_path": "./train/r_25",
            "rotation": 0.012566370614359171,
            "transform_matrix": [
                [
                    -0.012566430494189262,
                    0.2868209779262543,
                    -0.9579017758369446,
                    -3.8614256381988525
                ],
                [
                    -0.9999211430549622,
                    -0.003604600206017494,
                    0.012038355693221092,
                    0.04852816462516785
                ],
                [
                    2.3283067140944524e-10,
                    0.9579774141311646,
                    0.2868436276912689,
                    1.1563036441802979
                ],
                [
                    0.0,
                    0.0,
                    0.0,
                    1.0
                ]
            ]
        },
        {
            "file_path": "./train/r_26",
            "rotation": 0.012566370614359171,
            "transform_matrix": [
                [
                    0.9969997406005859,
                    0.023411620408296585,
                    -0.07378070801496506,
                    -0.29741957783699036
                ],
                [
                    -0.07740606367588043,
                    0.30154454708099365,
                    -0.9503046870231628,
                    -3.830801010131836
                ],
                [
                    0.0,
                    0.9531645178794861,
                    0.3024519979953766,
                    1.219223141670227
                ],
                [
                    0.0,
                    0.0,
                    0.0,
                    1.0
                ]
            ]
        },
        {
            "file_path": "./train/r_27",
            "rotation": 0.012566370614359171,
            "transform_matrix": [
                [
                    0.37712809443473816,
                    0.813424289226532,
                    -0.44284918904304504,
                    -1.7851823568344116
                ],
                [
                    -0.9261611700057983,
                    0.33122220635414124,
                    -0.18032591044902802,
                    -0.726917028427124
                ],
                [
                    1.4901161193847656e-08,
                    0.4781556725502014,
                    0.8782749772071838,
                    3.5404398441314697
                ],
                [
                    0.0,
                    0.0,
                    0.0,
                    1.0
                ]
            ]
        },
        {
            "file_path": "./train/r_28",
            "rotation": 0.012566370614359171,
            "transform_matrix": [
                [
                    0.9192148447036743,
                    0.2537553906440735,
                    -0.3010854125022888,
                    -1.2137141227722168
                ],
                [
                    -0.393756628036499,
                    0.5923855304718018,
                    -0.7028763294219971,
                    -2.8333852291107178
                ],
                [
                    -1.4901162970204496e-08,
                    0.7646486759185791,
                    0.6444473266601562,
                    2.5978503227233887
                ],
                [
                    0.0,
                    0.0,
                    0.0,
                    1.0
                ]
            ]
        },
        {
            "file_path": "./train/r_29",
            "rotation": 0.012566370614359171,
            "transform_matrix": [
                [
                    -0.921076238155365,
                    0.24505852162837982,
                    -0.3025968670845032,
                    -1.2198070287704468
                ],
                [
                    -0.3893822729587555,
                    -0.5796812176704407,
                    0.7157870531082153,
                    2.885429859161377
                ],
                [
                    0.0,
                    0.7771202921867371,
                    0.6293520331382751,
                    2.536999225616455
                ],
                [
                    0.0,
                    0.0,
                    0.0,
                    1.0
                ]
            ]
        },
        {
            "file_path": "./train/r_30",
            "rotation": 0.012566370614359171,
            "transform_matrix": [
                [
                    0.9075025320053101,
                    0.20079097151756287,
                    -0.36894750595092773,
                    -1.4872750043869019
                ],
                [
                    -0.42004677653312683,
                    0.43380481004714966,
                    -0.7971035838127136,
                    -3.2132272720336914
                ],
                [
                    0.0,
                    0.8783486485481262,
                    0.478020578622818,
                    1.9269626140594482
                ],
                [
                    0.0,
                    0.0,
                    0.0,
                    1.0
                ]
            ]
        },
        {
            "file_path": "./train/r_31",
            "rotation": 0.012566370614359171,
            "transform_matrix": [
                [
                    0.15018779039382935,
                    0.9848735928535461,
                    -0.08641516417264938,
                    -0.3483506739139557
                ],
                [
                    -0.988657534122467,
                    0.14961296319961548,
                    -0.013127399608492851,
                    -0.052918240427970886
                ],
                [
                    -9.31322685637781e-10,
                    0.08740629255771637,
                    0.9961727261543274,
                    4.015700817108154
                ],
                [
                    0.0,
                    0.0,
                    0.0,
                    1.0
                ]
            ]
        },
        {
            "file_path": "./train/r_32",
            "rotation": 0.012566370614359171,
            "transform_matrix": [
                [
                    -0.18280649185180664,
                    -0.12908056378364563,
                    0.9746382832527161,
                    3.9288928508758545
                ],
                [
                    0.983148992061615,
                    -0.024001212790608406,
                    0.1812240183353424,
                    0.730537474155426
                ],
                [
                    1.862645371275562e-09,
                    0.99134361743927,
                    0.13129298388957977,
                    0.5292590260505676
                ],
                [
                    0.0,
                    0.0,
                    0.0,
                    1.0
                ]
            ]
        },
        {
            "file_path": "./train/r_33",
            "rotation": 0.012566370614359171,
            "transform_matrix": [
                [
                    -0.11206741631031036,
                    0.47494781017303467,
                    -0.8728490471839905,
                    -3.5185670852661133
                ],
                [
                    -0.9937006235122681,
                    -0.053563594818115234,
                    0.09843803942203522,
                    0.3968164324760437
                ],
                [
                    -3.725290298461914e-09,
                    0.8783823847770691,
                    0.4779585897922516,
                    1.9267127513885498
                ],
                [
                    0.0,
                    0.0,
                    0.0,
                    1.0
                ]
            ]
        },
        {
            "file_path": "./train/r_34",
            "rotation": 0.012566370614359171,
            "transform_matrix": [
                [
                    0.39255228638648987,
                    0.6692782044410706,
                    -0.6308481097221375,
                    -2.543030261993408
                ],
                [
                    -0.9197297096252441,
                    0.2856564223766327,
                    -0.2692539691925049,
                    -1.0853976011276245
                ],
                [
                    0.0,
                    0.6859059929847717,
                    0.7276900410652161,
                    2.933412551879883
                ],
                [
                    0.0,
                    0.0,
                    0.0,
                    1.0
                ]
            ]
        },
        {
            "file_path": "./train/r_35",
            "rotation": 0.012566370614359171,
            "transform_matrix": [
                [
                    0.33383575081825256,
                    0.23790383338928223,
                    -0.9121159315109253,
                    -3.6768569946289062
                ],
                [
                    -0.9426313042640686,
                    0.08425437659025192,
                    -0.32302865386009216,
                    -1.3021701574325562
                ],
                [
                    0.0,
                    0.9676275253295898,
                    0.25238269567489624,
                    1.0173871517181396
                ],
                [
                    0.0,
                    0.0,
                    0.0,
                    1.0
                ]
            ]
        },
        {
            "file_path": "./train/r_36",
            "rotation": 0.012566370614359171,
            "transform_matrix": [
                [
                    0.5707758665084839,
                    0.4557613134384155,
                    -0.6830055117607117,
                    -2.7532832622528076
                ],
                [
                    -0.82110595703125,
                    0.3168136179447174,
                    -0.47477802634239197,
                    -1.9138914346694946
                ],
                [
                    0.0,
                    0.8318116068840027,
                    0.555057942867279,
                    2.2375102043151855
                ],
                [
                    0.0,
                    0.0,
                    0.0,
                    1.0
                ]
            ]
        },
        {
            "file_path": "./train/r_37",
            "rotation": 0.012566370614359171,
            "transform_matrix": [
                [
                    -0.9715125560760498,
                    0.15097570419311523,
                    -0.18267422914505005,
                    -0.7363833785057068
                ],
                [
                    -0.23698849976062775,
                    -0.6189110279083252,
                    0.7488561868667603,
                    3.018735885620117
                ],
                [
                    -7.450581485102248e-09,
                    0.770814836025238,
                    0.6370592713356018,
                    2.568068027496338
                ],
                [
                    0.0,
                    0.0,
                    0.0,
                    1.0
                ]
            ]
        },
        {
            "file_path": "./train/r_38",
            "rotation": 0.012566370614359171,
            "transform_matrix": [
                [
                    0.07991347461938858,
                    0.8076289892196655,
                    -0.5842511057853699,
                    -2.355191469192505
                ],
                [
                    -0.9968018531799316,
                    0.06474751234054565,
                    -0.046839334070682526,
                    -0.1888154000043869
                ],
                [
                    3.725290298461914e-09,
                    0.5861256122589111,
                    0.8102201819419861,
                    3.2661020755767822
                ],
                [
                    0.0,
                    0.0,
                    0.0,
                    1.0
                ]
            ]
        },
        {
            "file_path": "./train/r_39",
            "rotation": 0.012566370614359171,
            "transform_matrix": [
                [
                    -0.9817236661911011,
                    -0.10823912173509598,
                    0.15653535723686218,
                    0.6310142278671265
                ],
                [
                    0.19031301140785217,
                    -0.5583481192588806,
                    0.8074827194213867,
                    3.2550668716430664
                ],
                [
                    7.450581485102248e-09,
                    0.8225154280662537,
                    0.5687427520751953,
                    2.292675256729126
                ],
                [
                    0.0,
                    0.0,
                    0.0,
                    1.0
                ]
            ]
        },
        {
            "file_path": "./train/r_40",
            "rotation": 0.012566370614359171,
            "transform_matrix": [
                [
                    0.8136462569236755,
                    0.07885117828845978,
                    -0.575988233089447,
                    -2.321882486343384
                ],
                [
                    -0.581360399723053,
                    0.11035660654306412,
                    -0.8061275482177734,
                    -3.249603748321533
                ],
                [
                    0.0,
                    0.9907592535018921,
                    0.13563218712806702,
                    0.5467507839202881
                ],
                [
                    0.0,
                    0.0,
                    0.0,
                    1.0
                ]
            ]
        },
        {
            "file_path": "./train/r_41",
            "rotation": 0.012566370614359171,
            "transform_matrix": [
                [
                    0.4142804741859436,
                    -0.8870232701301575,
                    0.20386578142642975,
                    0.8218091726303101
                ],
                [
                    0.9101492762565613,
                    0.40375402569770813,
                    -0.09279534965753555,
                    -0.3740699887275696
                ],
                [
                    0.0,
                    0.22399146854877472,
                    0.9745911359786987,
                    3.9287021160125732
                ],
                [
                    0.0,
                    0.0,
                    0.0,
                    1.0
                ]
            ]
        },
        {
            "file_path": "./train/r_42",
            "rotation": 0.012566370614359171,
            "transform_matrix": [
                [
                    -0.7611533403396606,
                    -0.09790822118520737,
                    0.6411393284797668,
                    2.584515333175659
                ],
                [
                    0.6485720276832581,
                    -0.11490345001220703,
                    0.7524303793907166,
                    3.033143997192383
                ],
                [
                    0.0,
                    0.9885398745536804,
                    0.15095967054367065,
                    0.6085379123687744
                ],
                [
                    0.0,
                    0.0,
                    0.0,
                    1.0
                ]
            ]
        },
        {
            "file_path": "./train/r_43",
            "rotation": 0.012566370614359171,
            "transform_matrix": [
                [
                    0.9982714653015137,
                    0.046119872480630875,
                    -0.036427874118089676,
                    -0.14684545993804932
                ],
                [
                    -0.05877101421356201,
                    0.7833818793296814,
                    -0.6187558174133301,
                    -2.4942843914031982
                ],
                [
                    -1.8626449271863521e-09,
                    0.619827151298523,
                    0.784738302230835,
                    3.163381338119507
                ],
                [
                    0.0,
                    0.0,
                    0.0,
                    1.0
                ]
            ]
        },
        {
            "file_path": "./train/r_44",
            "rotation": 0.012566370614359171,
            "transform_matrix": [
                [
                    -0.30280399322509766,
                    -0.6813005805015564,
                    0.6664376854896545,
                    2.6864962577819824
                ],
                [
                    0.9530528783798218,
                    -0.21646283566951752,
                    0.21174059808254242,
                    0.8535536527633667
                ],
                [
                    0.0,
                    0.6992661952972412,
                    0.7148613333702087,
                    2.8816981315612793
                ],
                [
                    0.0,
                    0.0,
                    0.0,
                    1.0
                ]
            ]
        },
        {
            "file_path": "./train/r_45",
            "rotation": 0.012566370614359171,
            "transform_matrix": [
                [
                    -0.9762305021286011,
                    0.10514937341213226,
                    -0.1895197629928589,
                    -0.7639786005020142
                ],
                [
                    -0.21673518419265747,
